0 images/0.jpg images/1.jpg 0.000999509 -0.00102794 0.00987293 0.00473228 -0.0160252 -0.0222079 
1 images/1.jpg images/2.jpg -0.00544488 -0.00282174 0.00828871 -0.00271557 -0.00770117 -0.0195182 
2 images/2.jpg images/3.jpg -0.0074375 -0.00368121 0.0114751 -0.00721246 -0.0103843 -0.0171883 
3 images/3.jpg images/4.jpg -0.00238111 -0.00371362 0.0120466 -0.0081171 -0.0149111 -0.0198595 
4 images/4.jpg images/5.jpg 0.000965841 -0.00520437 0.0135452 -0.0141721 -0.0126401 -0.0182697 
5 images/5.jpg images/6.jpg -0.00295753 -0.00340146 0.0144557 -0.013633 -0.00463747 -0.0143332 
6 images/6.jpg images/7.jpg -0.000614029 -0.00768308 0.0163935 -0.0170483 -0.00611777 -0.00919841 
7 images/7.jpg images/8.jpg 0.00750831 -0.00444844 0.0161905 -0.01333 -0.00638739 -0.00866997 
8 images/8.jpg images/9.jpg 0.0071184 -0.00686688 0.0158946 -0.0162204 0.00547657 0.00267113 
9 images/9.jpg images/10.jpg 0.00206353 -0.0102845 0.015817 -0.0157737 0.0125128 0.00775815 
10 images/10.jpg images/11.jpg 0.00855864 -0.00691825 0.015766 -0.00824805 0.00924409 0.00868049 
11 images/11.jpg images/12.jpg 0.0121633 -0.00511433 0.0137923 -0.00831471 0.0149723 0.0137167 
12 images/12.jpg images/13.jpg -0.0011514 -0.0106046 0.0155579 -0.0112626 0.0257689 0.0133134 
13 images/13.jpg images/14.jpg 0.0127489 -0.00382334 0.0142658 -0.00345744 0.0132578 0.0117275 
14 images/14.jpg images/15.jpg 0.016023 -0.0053769 0.0118118 -0.00258958 0.0226917 0.0129679 
15 images/15.jpg images/16.jpg 0.00756014 -0.00742421 0.00959454 0.000350697 0.0359875 0.0107694 
16 images/16.jpg images/17.jpg 0.0144453 -0.00342364 0.00617278 0.00642894 0.0355455 0.00497095 
17 images/17.jpg images/18.jpg 0.00672454 0.000514299 0.00604434 0.00881198 0.0373221 0.0132944 
18 images/18.jpg images/19.jpg 0.00973684 0.00247476 0.00500383 0.00771762 0.026861 0.0203499 
19 images/19.jpg images/20.jpg 0.0127289 0.00161316 0.0042722 -0.00138727 0.0259613 0.0175626 
20 images/20.jpg images/21.jpg 0.00910528 -0.00471979 0.000916826 -0.00181081 0.0273772 0.0211516 
21 images/21.jpg images/22.jpg 0.0121926 0.0043818 -0.000888621 0.00438992 0.0254239 0.024884 
22 images/22.jpg images/23.jpg 0.014041 0.000523956 0.000324009 -0.00467254 0.0293021 0.0260322 
23 images/23.jpg images/24.jpg 0.0112125 -0.00403174 0.000623434 -0.00157169 0.0340251 0.022347 
24 images/24.jpg images/25.jpg 0.00887131 0.00182738 -0.00122839 0.00711504 0.0375047 0.0250194 
25 images/25.jpg images/26.jpg 0.00440078 0.00896408 -0.00975158 0.00300709 0.0422882 0.0308983 
26 images/26.jpg images/27.jpg 0.0115241 -0.00632758 -0.00794261 -0.0144054 0.0280148 0.0370941 
27 images/27.jpg images/28.jpg 0.0124615 -0.0043606 -0.00362538 0.00291304 0.0155518 0.0238865 
28 images/28.jpg images/29.jpg 0.00828766 0.00907717 -0.00592902 0.00536375 0.0257668 0.0259651 
29 images/29.jpg images/30.jpg 0.00728957 -0.00511735 -0.00521248 -0.014476 0.0260769 0.0310477 
30 images/30.jpg images/31.jpg 0.0120744 -0.00445675 -0.00162392 -0.00327703 0.0158721 0.0253761 
31 images/31.jpg images/32.jpg 0.00733217 0.0018635 -0.00145581 -0.000113147 0.0300393 0.026825 
32 images/32.jpg images/33.jpg 0.000752755 -0.00708684 -0.00714239 -0.00694089 0.0281294 0.0326294 
33 images/33.jpg images/34.jpg 0.00834058 -0.00241591 -0.000596361 0.000787471 0.0127651 0.0328312 
34 images/34.jpg images/35.jpg 0.0079457 -0.00548789 -0.000930119 0.00224096 0.0172963 0.0335246 
35 images/35.jpg images/36.jpg 0.0105343 -0.00398171 0.00118138 0.00753814 0.0144166 0.0236149 
36 images/36.jpg images/37.jpg 0.0095251 -0.0014126 -0.00133543 0.00746914 0.0262291 0.0319908 
37 images/37.jpg images/38.jpg 0.00133672 -0.0026472 0.00151536 0.00188668 0.0344823 0.0265102 
38 images/38.jpg images/39.jpg 0.00635435 -0.00902865 0.00237001 0.00424001 0.0289172 0.0109006 
39 images/39.jpg images/40.jpg 0.00355547 -0.00187476 0.00104603 0.0091698 0.0344077 0.00973929 
40 images/40.jpg images/41.jpg -0.0108624 -0.00736316 -0.00279391 0.000183828 0.0403965 0.00560411 
41 images/41.jpg images/42.jpg -0.00732029 -0.00960788 -0.00141916 0.00229295 0.0209747 -0.0119771 
42 images/42.jpg images/43.jpg 0.00107246 -0.0074337 0.00328742 0.00274398 0.0058602 -0.0172361 
43 images/43.jpg images/44.jpg -0.00142651 -0.0119529 0.00159833 0.00152381 0.00464219 -0.0151183 
44 images/44.jpg images/45.jpg -0.00091299 -0.00689936 0.000411958 0.00910251 -0.00359042 -0.0182504 
45 images/45.jpg images/46.jpg 0.00112767 -0.00818775 0.00212053 0.00535041 -0.00965157 -0.0165553 
46 images/46.jpg images/47.jpg 0.00540711 -0.00868035 0.00270795 0.00652183 -0.013274 -0.015011 
47 images/47.jpg images/48.jpg 0.00722203 -0.00500783 0.00199124 0.00770367 -0.0125064 -0.0148702 
48 images/48.jpg images/49.jpg 0.0109941 -0.00321272 0.00309863 0.0058097 -0.00976974 -0.0134927 
49 images/49.jpg images/50.jpg 0.00758503 -0.0105838 0.00132044 -0.00233735 -0.00234198 -0.0073214 
50 images/50.jpg images/51.jpg 0.007255 -0.00353366 -0.00140635 0.00432331 -0.00564813 -0.00536111 
51 images/51.jpg images/52.jpg 0.0107712 -0.00523153 0.000787934 -0.00309569 -0.00957262 -0.000193716 
52 images/52.jpg images/53.jpg 0.012191 -0.00847913 0.000222814 -0.00269389 -0.0117886 -0.00202223 
53 images/53.jpg images/54.jpg 0.0149166 -0.00269693 0.000867358 0.0036415 -0.0123017 -0.00871184 
54 images/54.jpg images/55.jpg 0.0128464 -0.00226305 -0.00155818 0.00663326 -0.00775886 -0.0129363 
55 images/55.jpg images/56.jpg 0.0121115 -0.000974314 -0.00195026 0.00101044 -0.00766137 -0.013118 
56 images/56.jpg images/57.jpg 0.0128741 -0.00939031 0.000159882 0.00101122 -0.0104504 -0.0127322 
57 images/57.jpg images/58.jpg 0.0135104 0.00338763 -0.00180102 0.0179246 -0.0106938 -0.023337 
58 images/58.jpg images/59.jpg 0.0178737 -0.00322932 0.00153235 0.0074038 -0.00811789 -0.0251225 
59 images/59.jpg images/60.jpg 0.00961977 -0.00647873 -0.00405192 0.0122365 0.000106383 -0.0171977 
60 images/60.jpg images/61.jpg 0.00895651 0.00468378 -0.00536611 0.0225265 -0.00917558 -0.021942 
61 images/61.jpg images/62.jpg 0.016574 0.00328931 0.00110153 0.0154078 -0.0145026 -0.0246419 
62 images/62.jpg images/63.jpg 0.0156329 0.00580592 -0.0001683 0.0103441 -0.0078382 -0.0207165 
63 images/63.jpg images/64.jpg 0.0157068 -0.00126752 0.00115853 0.0042141 -0.00793042 -0.0222706 
64 images/64.jpg images/65.jpg 0.0170057 0.0073837 0.00156826 0.00928806 -0.00692137 -0.0306771 
65 images/65.jpg images/66.jpg 0.0213782 0.0021664 0.00301902 -0.00113917 -0.00219705 -0.0273835 
66 images/66.jpg images/67.jpg 0.0164204 -0.00193177 0.00207411 -0.00249362 0.00251654 -0.0292061 
67 images/67.jpg images/68.jpg 0.0151014 0.00712542 -0.0010951 0.0078698 -0.00102001 -0.0293865 
68 images/68.jpg images/69.jpg 0.0192071 0.00568342 0.00318248 -0.00616746 -0.00610511 -0.0120284 
69 images/69.jpg images/70.jpg 0.0207206 0.000653093 0.00447271 -0.00824273 -0.00714807 0.00366433 
70 images/70.jpg images/71.jpg 0.0171065 0.00504344 0.00438792 -0.00153743 -0.00783341 0.00986476 
71 images/71.jpg images/72.jpg 0.0177507 0.0042273 0.0056954 -0.000710805 -0.0128806 0.00605574 
72 images/72.jpg images/73.jpg 0.0170155 0.0116593 0.00590218 0.000199543 -0.011586 -0.00256541 
73 images/73.jpg images/74.jpg 0.0198627 0.0039741 0.00941483 -0.00599975 -0.00996377 -0.000595873 
74 images/74.jpg images/75.jpg 0.0140299 0.00595081 0.00550033 0.000121279 -0.0032747 0.00201156 
75 images/75.jpg images/76.jpg 0.0130162 0.00480103 0.00576716 -0.000398267 -0.00539423 -0.000410501 
76 images/76.jpg images/77.jpg 0.0118016 0.00799678 0.00556385 0.00353453 -0.00642524 0.000238328 
77 images/77.jpg images/78.jpg 0.0130482 0.00205916 0.00639699 -0.00171989 -0.00803162 0.00405463 
78 images/78.jpg images/79.jpg 0.0112453 0.00497417 0.00492387 0.00592651 -0.00926242 0.00343628 
79 images/79.jpg images/80.jpg 0.0128381 -0.00446555 0.00591559 0.00679522 -0.0132154 0.00532608 
80 images/80.jpg images/81.jpg 0.0132525 0.0135773 0.000722116 0.0263715 -0.0107407 0.0124886 
81 images/81.jpg images/82.jpg 0.0102594 0.0140484 0.00150614 0.0171756 -0.00765774 0.00798216 
82 images/82.jpg images/83.jpg 0.0104551 0.00987349 0.00260554 0.00567741 -0.00900889 0.00164539 
83 images/83.jpg images/84.jpg 0.00509225 0.0133582 0.000151914 0.00685434 -0.00856529 -9.63361e-05 
84 images/84.jpg images/85.jpg 0.00472714 0.010291 -0.000257994 -0.00718699 -0.0141909 -0.00585321 
85 images/85.jpg images/86.jpg 0.0118379 -0.00560026 0.00489005 -0.0112387 -0.0239668 -0.00530974 
86 images/86.jpg images/87.jpg 0.022136 0.0255634 -0.00500809 0.00807774 -0.0482786 -0.0160367 
87 images/87.jpg images/88.jpg 0.00547981 0.00939102 -0.00463894 -0.00560874 -0.0192455 -0.0142158 
88 images/88.jpg images/89.jpg 0.0196706 0.00952108 -0.00997869 -0.00535478 -0.0509892 -0.0207853 
89 images/89.jpg images/90.jpg 0.0198256 0.00129978 -0.00387576 -0.0134012 -0.0285986 -0.0143441 
90 images/90.jpg images/91.jpg 0.0428438 -0.00508302 -0.00694117 0.00936814 -0.0249463 -0.0244604 
91 images/91.jpg images/92.jpg 0.00983338 0.00486277 -0.0112478 0.0140677 0.0056335 -0.0126963 
92 images/92.jpg images/93.jpg 0.0164142 3.56245e-05 -0.0209602 0.00331978 -0.00528516 -0.024257 
93 images/93.jpg images/94.jpg 0.0134267 -0.00670574 -0.0104841 0.0238559 -0.0120263 -0.0137141 
94 images/94.jpg images/95.jpg 0.0300897 0.0201639 -0.0281215 0.0293578 -0.0194652 -0.0282823 
95 images/95.jpg images/96.jpg 0.0193772 -0.0148285 -0.00895416 0.00161871 -0.0068766 -0.0207717 
96 images/96.jpg images/97.jpg 0.0251847 0.0185831 -0.0241056 0.0138593 0.0250195 -0.0294502 
97 images/97.jpg images/98.jpg 0.00435076 -0.0189016 -0.0131542 -0.00830324 0.0108899 -0.0165939 
98 images/98.jpg images/99.jpg 0.0117478 0.0143452 -0.0284997 0.0275738 0.00162883 -0.02415 
99 images/99.jpg images/100.jpg 0.012287 -0.00623242 -0.00809593 -0.0128641 -0.0120655 -0.0124648 
100 images/100.jpg images/101.jpg 0.018094 -0.0167762 -0.00493686 -0.00496104 -0.018373 -0.0104618 
101 images/101.jpg images/102.jpg 0.012083 0.00619427 -0.00922796 0.0212506 -0.00926413 -0.00488849 
102 images/102.jpg images/103.jpg 0.0108486 0.00104094 -0.00536473 0.00448973 -0.00723785 -0.00787499 
103 images/103.jpg images/104.jpg 0.0243346 -0.00652381 -0.00479578 0.0241824 -0.0226212 -0.0216034 
104 images/104.jpg images/105.jpg 0.00903992 0.0100738 0.000206626 0.0123136 -0.00917806 -0.0092467 
105 images/105.jpg images/106.jpg 0.0278122 -0.00765 0.0107512 -0.00793108 -0.0325928 -0.0288111 
106 images/106.jpg images/107.jpg 0.0121153 0.00331048 0.00546193 0.0109843 -0.0126697 -0.0130526 
107 images/107.jpg images/108.jpg 0.0238637 0.00649219 0.0189185 -0.0156641 -0.0276325 -0.0279973 
108 images/108.jpg images/109.jpg 0.0129493 -0.00748943 0.0107639 -0.00953678 -0.0208927 -0.0114924 
109 images/109.jpg images/110.jpg 0.0295811 0.0102796 0.0249817 -0.00311238 -0.046275 -0.0297985 
110 images/110.jpg images/111.jpg 0.0174775 -0.00683646 0.0124279 -0.0102278 -0.0187405 -0.0170432 
111 images/111.jpg images/112.jpg 0.0261949 0.00815807 0.0247775 0.00192195 -0.00946683 -0.018457 
112 images/112.jpg images/113.jpg 0.00984424 0.0034528 0.0141319 -0.0069016 -0.00473622 -0.00779241 
113 images/113.jpg images/114.jpg 0.0121615 0.000389686 0.0135172 -0.00789023 -0.00968829 -0.00869192 
114 images/114.jpg images/115.jpg 0.016731 -0.0043804 0.0126572 -0.00903796 -0.0115238 -0.00885588 
115 images/115.jpg images/116.jpg 0.0138167 0.00786533 0.0109956 0.00309202 -0.00505919 -0.00555232 
116 images/116.jpg images/117.jpg 0.0129354 -0.00695256 0.0119231 -0.0102594 -0.00401478 -0.00940278 
117 images/117.jpg images/118.jpg 0.0147986 0.00299323 0.00996213 0.0121893 -0.00327815 -0.00546951 
118 images/118.jpg images/119.jpg 0.012263 0.0172661 0.00945503 0.00979259 -0.00218603 0.00206807 
119 images/119.jpg images/120.jpg 0.0137337 0.00824125 0.0111911 -0.00462402 -0.00492494 0.00224707 
120 images/120.jpg images/121.jpg 0.00692422 0.0174948 0.00947272 -0.00910985 -0.0046117 0.000186717 
121 images/121.jpg images/122.jpg 0.0096411 -0.00732752 0.0136444 -0.0267015 -0.0130628 -0.0047199 
122 images/122.jpg images/123.jpg 0.0157678 0.0055432 0.0100466 -0.00542754 -0.0188855 -0.00144871 
123 images/123.jpg images/124.jpg 0.0200454 0.0194769 0.0075299 -0.00913499 -0.0176682 -0.00179756 
124 images/124.jpg images/125.jpg 0.0187834 -0.00530076 0.00924049 -0.0306712 -0.00959777 -0.0120875 
125 images/125.jpg images/126.jpg 0.0290103 0.00908278 0.0117218 -0.0211917 -0.00384934 -0.0146045 
126 images/126.jpg images/127.jpg 0.0120401 0.00826606 0.00206544 -0.0167965 -0.00484566 -0.00406627 
127 images/127.jpg images/128.jpg 0.0123217 -0.0146273 0.0056704 -0.0261149 -0.00792713 -0.00835236 
128 images/128.jpg images/129.jpg 0.0183778 -0.00299952 0.000200845 -0.00118637 -0.0118295 -0.00315275 
129 images/129.jpg images/130.jpg 0.0219191 0.00789294 -0.00329335 0.00488387 -0.0118048 0.000120726 
130 images/130.jpg images/131.jpg 0.0223148 0.00680828 -0.00268304 -0.000970745 -0.00789762 -0.00333462 
131 images/131.jpg images/132.jpg 0.0205861 -0.00967066 -0.00477057 -0.003033 -0.00217643 -0.00899239 
132 images/132.jpg images/133.jpg 0.0165778 0.00338891 -0.00986519 0.0172611 0.004741 0.000673173 
133 images/133.jpg images/134.jpg 0.031397 0.0265975 -0.0154353 0.0139133 -0.00277101 0.00871832 
134 images/134.jpg images/135.jpg 0.0176916 -0.00286459 -0.00651386 -0.019703 0.0106413 -0.00133425 
135 images/135.jpg images/136.jpg 0.015291 -0.00181428 -0.0102419 -0.0028048 0.0126978 -0.00603279 
136 images/136.jpg images/137.jpg 0.0183591 0.0198362 -0.0146748 -0.00542952 0.0095516 -0.00458522 
137 images/137.jpg images/138.jpg 0.0122526 -0.0113299 -0.0116976 -0.0290678 0.00923717 -0.00736511 
138 images/138.jpg images/139.jpg 0.00888791 -0.00304374 -0.011858 -0.0147234 0.00276936 -0.0200402 
139 images/139.jpg images/140.jpg 0.00633865 0.00554587 -0.0160608 -0.0209317 -0.00563932 -0.0179498 
140 images/140.jpg images/141.jpg 0.010015 -0.000512881 -0.0135464 -0.0446876 -0.015544 -0.00357523 
141 images/141.jpg images/142.jpg 0.0162819 -0.0334251 -0.0058773 -0.0539001 -0.0201198 -0.000613939 
142 images/142.jpg images/143.jpg 0.0137042 -0.00997573 -0.0141961 -0.0193261 -0.018088 0.00459397 
143 images/143.jpg images/144.jpg 0.020189 -0.0112841 -0.0148307 -0.0250474 -0.0129253 0.0106942 
144 images/144.jpg images/145.jpg 0.0111666 -0.0380407 -0.0118294 -0.019389 0.000417008 0.00523741 
145 images/145.jpg images/146.jpg 0.0175919 -0.00859597 -0.0191086 0.0132879 0.00308527 0.0014419 
146 images/146.jpg images/147.jpg 0.00792599 -0.00734615 -0.0208428 0.0138477 0.0327235 0.0141317 
147 images/147.jpg images/148.jpg 6.68301e-05 0.00726092 -0.025865 0.0111567 0.0344811 0.0127619 
148 images/148.jpg images/149.jpg 0.00585597 -0.0112852 -0.0151035 -0.0141669 0.0341874 0.0164943 
149 images/149.jpg images/150.jpg -0.0114609 -0.0144518 -0.0113402 0.000334072 0.0442171 0.0112153 
150 images/150.jpg images/151.jpg -0.0044315 0.00219397 -0.0154415 0.0172594 0.0215173 0.00260266 
151 images/151.jpg images/152.jpg -0.00213289 0.0032897 -0.0185171 -0.0136756 0.0141097 0.0168997 
152 images/152.jpg images/153.jpg 0.00810669 -0.0104794 -0.006585 -0.000602746 -0.0157205 -0.0134267 
153 images/153.jpg images/154.jpg 0.0105752 0.00519191 -0.00883331 0.0193905 -0.016987 -0.0211121 
154 images/154.jpg images/155.jpg 0.0127975 0.016979 -0.0112147 0.00116986 -0.00736568 -0.0110414 
155 images/155.jpg images/156.jpg 0.0249006 -0.00166796 -0.00678754 -0.0230915 0.000549895 0.000733084 
156 images/156.jpg images/157.jpg 0.0272466 0.00493561 -0.00569045 -0.0113033 0.00854258 -0.0214162 
157 images/157.jpg images/158.jpg 0.0539585 -0.00694597 -0.0354823 -0.0420996 0.0706427 -0.043487 
158 images/158.jpg images/159.jpg 0.00575891 -0.00158677 -0.00830806 -0.0113553 0.0543034 -0.0170265 
159 images/159.jpg images/160.jpg 0.00743817 0.000936324 -0.000825908 -0.00359306 0.0380116 -0.0235969 
160 images/160.jpg images/161.jpg 0.00470301 -0.00753321 -0.0133941 -0.00224126 0.0249499 -0.025586 
161 images/161.jpg images/162.jpg -0.002163 -0.0125773 -0.0154434 -0.00165585 0.007439 -0.0194448 
162 images/162.jpg images/163.jpg 0.00142494 -0.0158745 -0.0182404 0.00117763 -0.0627916 -0.0474756 
163 images/163.jpg images/164.jpg 0.00869222 -0.0110588 -0.000448361 -0.0144082 -0.0521084 -0.0325322 
164 images/164.jpg images/165.jpg 0.00412195 -0.0324276 0.00231071 -0.00925572 -0.0607389 -0.0425851 
165 images/165.jpg images/166.jpg -0.012419 -0.0134721 -0.0171949 0.0140651 -0.0682688 -0.0585055 
166 images/166.jpg images/167.jpg 0.0113801 -0.00389378 0.0111849 0.000345303 -0.0816806 -0.0656312 
167 images/167.jpg images/168.jpg 0.0185203 -0.0314452 0.0028369 0.0333289 -0.116298 -0.115138 
168 images/168.jpg images/169.jpg 0.0178976 -0.00654015 0.0101049 0.00860242 -0.0464076 -0.0435809 
169 images/169.jpg images/170.jpg 0.0163291 -0.0138573 0.00790145 0.00448498 -0.0254372 -0.0341319 
170 images/170.jpg images/171.jpg 0.0133764 -0.00505232 0.0048098 0.0109454 -0.0118865 -0.0170018 
171 images/171.jpg images/172.jpg 0.00558182 -0.0103261 0.00174701 -0.00613395 -0.0103115 -0.000782612 
172 images/172.jpg images/173.jpg 0.015287 -0.0101007 0.00592605 0.00204497 -0.0298944 -0.00797197 
173 images/173.jpg images/174.jpg 0.0240912 0.00338319 0.00816736 0.0100641 -0.0274969 -0.00326012 
174 images/174.jpg images/175.jpg 0.0426887 -0.00372473 0.019389 -0.0112772 -0.020524 0.0130666 
175 images/175.jpg images/176.jpg 0.0201131 -0.00384874 0.00630325 2.65233e-05 -0.00199511 0.00574856 
176 images/176.jpg images/177.jpg 0.0210153 -0.00466214 0.00498223 0.00678528 -0.00167993 0.00563983 
177 images/177.jpg images/178.jpg 0.0179126 0.00203959 0.000841216 0.0151167 0.00418376 -0.00208922 
178 images/178.jpg images/179.jpg 0.0160677 0.00318939 -5.21934e-05 0.00638381 0.00476178 -0.005474 
179 images/179.jpg images/180.jpg 0.033048 -0.000527397 -0.00051968 0.0139569 -0.000207974 -0.0114343 
180 images/180.jpg images/181.jpg 0.0157609 0.00702165 -0.00103501 0.00666418 -0.001399 -0.00638281 
181 images/181.jpg images/182.jpg 0.0198704 0.000935682 0.0013642 -0.00145836 -0.00324968 -0.00321486 
182 images/182.jpg images/183.jpg 0.0245312 0.00164699 0.00377318 0.00317224 0.00275445 -0.0132042 
183 images/183.jpg images/184.jpg 0.0157489 0.00536028 -0.00329089 0.00344871 0.01748 -0.0214092 
184 images/184.jpg images/185.jpg 0.0131314 -0.00340058 -0.00490398 -0.00489637 0.017066 -0.0176842 
185 images/185.jpg images/186.jpg 0.0102827 0.00020295 -0.00648254 0.0085465 0.0110663 -0.0150563 
186 images/186.jpg images/187.jpg 0.00317886 0.0118836 -0.00943858 0.00636265 0.00419046 -0.00924862 
187 images/187.jpg images/188.jpg 0.0201271 0.00764882 -0.00649679 -0.0178891 -0.0290672 -0.000670442 
188 images/188.jpg images/189.jpg 0.0115901 0.00334509 -0.00207925 -0.00947892 -0.0166979 -0.00328996 
189 images/189.jpg images/190.jpg 0.0190991 0.00759096 -0.0076147 -0.00505655 -0.0423648 -0.012334 
190 images/190.jpg images/191.jpg 0.010256 0.00424874 -0.00197818 -0.00517998 -0.0225426 -0.0104255 
191 images/191.jpg images/192.jpg 0.00312944 0.00219677 -0.00441634 -0.00624098 -0.0231148 -0.00831749 
192 images/192.jpg images/193.jpg 0.00854253 -0.0027889 3.63757e-05 -0.00211433 -0.0338081 -0.0100314 
193 images/193.jpg images/194.jpg 0.0105591 0.00536025 -0.00114847 0.00837688 -0.0305974 -0.0192362 
194 images/194.jpg images/195.jpg 0.0087919 0.00764146 -0.00134553 0.00623528 -0.0235677 -0.00730801 
195 images/195.jpg images/196.jpg 0.0110401 0.000960923 8.91091e-05 -0.00349686 -0.0215785 -0.000181179 
196 images/196.jpg images/197.jpg 0.0114134 0.00609854 0.000843146 0.000403318 -0.0200039 -0.0050695 
197 images/197.jpg images/198.jpg 0.0130834 -0.000540565 0.000653394 -0.00732648 -0.0178393 0.000869118 
198 images/198.jpg images/199.jpg 0.0154422 -0.0027377 0.00115651 -0.000864703 -0.014372 -0.00104978 
199 images/199.jpg images/200.jpg 0.0114875 0.00343686 -0.00152427 0.00725221 -0.00872016 0.00161829 
200 images/200.jpg images/201.jpg 0.012159 0.00589619 -0.000870175 0.00117056 -0.0123135 0.00393632 
201 images/201.jpg images/202.jpg 0.0166178 -0.000987039 -0.000217953 -0.00247449 -0.012682 0.0028807 
202 images/202.jpg images/203.jpg 0.0115385 0.00121054 -0.00312748 0.00454556 -0.00609427 0.00792026 
203 images/203.jpg images/204.jpg 0.00963819 0.00380343 -0.00275436 0.00645633 -0.0106029 0.00816139 
204 images/204.jpg images/205.jpg 0.0156169 0.00461832 -0.00347139 0.00538466 -0.0173914 0.00811663 
205 images/205.jpg images/206.jpg 0.0160435 0.00147048 -0.00362197 0.00476484 -0.0111148 0.00382937 
206 images/206.jpg images/207.jpg 0.0220957 0.0234818 -0.0072879 0.00963129 -0.0115307 -0.00544917 
207 images/207.jpg images/208.jpg 0.0154922 0.00636935 -0.00407471 -0.00328865 -0.00693774 -0.00395673 
208 images/208.jpg images/209.jpg 0.0223521 0.00363049 -0.0100486 -0.00574178 0.00230496 -0.00115738 
209 images/209.jpg images/210.jpg 0.00629149 0.0121188 -0.005533 0.00537454 0.000863845 0.00496819 
210 images/210.jpg images/211.jpg 0.0136497 0.0113117 -0.00494477 -0.00263387 -0.0037029 0.00196205 
211 images/211.jpg images/212.jpg 0.00444355 6.60895e-05 -0.00509991 -0.0110602 0.00526348 0.00718042 
212 images/212.jpg images/213.jpg 0.00665741 0.00370849 -0.00417359 -0.00361416 -0.00123155 0.00390537 
213 images/213.jpg images/214.jpg 0.00946114 0.00871578 -0.00562876 -0.00233231 -0.000133844 0.00603335 
214 images/214.jpg images/215.jpg 0.00284616 0.00172024 -0.00535035 -0.00927112 0.0052209 0.0108329 
215 images/215.jpg images/216.jpg 0.000945563 0.00245648 -0.00691867 -0.00718248 -0.000124609 0.00748654 
216 images/216.jpg images/217.jpg 0.00270407 -0.00894639 -0.00361235 -0.006114 -0.00717661 0.0101358 
217 images/217.jpg images/218.jpg 0.00789639 0.0123295 -0.010442 0.01711 -0.00833716 0.00130552 
218 images/218.jpg images/219.jpg 0.00153919 0.00556943 -0.00626927 -0.00073833 -0.000352236 0.00429564 
219 images/219.jpg images/220.jpg -0.00137959 -0.00466999 -0.00431455 0.00310185 -0.00146496 -0.000880097 
220 images/220.jpg images/221.jpg 0.00245668 0.0203676 -0.00642833 0.0152976 -0.00405423 -0.000906646 
221 images/221.jpg images/222.jpg -0.00273942 -0.00134489 -0.00158606 -0.0150128 0.00360238 -0.000273733 
222 images/222.jpg images/223.jpg -0.0107227 0.00577589 -0.000216547 0.00185886 0.00233707 0.00729944 
223 images/223.jpg images/224.jpg -0.00355758 0.00116547 -0.000742116 -0.0099 -0.0146129 0.00570313 
224 images/224.jpg images/225.jpg -0.00447479 -0.00111719 -0.00238441 -0.00119828 -0.0137285 0.000687692 
225 images/225.jpg images/226.jpg -0.00449948 -0.000744484 -0.00266204 -0.00127887 -0.0108575 0.00133114 
226 images/226.jpg images/227.jpg -0.00409742 -0.00583328 -0.000608118 0.00159341 -0.0095806 -0.0086151 
227 images/227.jpg images/228.jpg -0.00744962 0.0040754 -0.00660307 0.0109898 -0.00524917 -0.0112081 
228 images/228.jpg images/229.jpg -0.00994768 -0.00273718 0.00172175 0.00148179 -0.00352967 -0.00466119 
229 images/229.jpg images/230.jpg -0.00869908 -0.00134609 -0.002037 0.0106887 -0.010245 -0.00483657 
230 images/230.jpg images/231.jpg -0.00912824 9.85067e-05 -0.00200997 0.0052911 -0.0125691 -0.00804817 
231 images/231.jpg images/232.jpg -0.012555 -0.0108937 0.000399102 -0.000411901 -0.0100923 -0.0166413 
232 images/232.jpg images/233.jpg -0.00463746 -0.00972249 -0.00200193 0.0131916 -0.0158373 -0.0197306 
233 images/233.jpg images/234.jpg -0.0112723 -0.00191027 -0.00468438 0.021484 -0.0033965 -0.0167041 
234 images/234.jpg images/235.jpg -0.0198867 -0.00346327 -0.00320289 0.00712092 -0.00769012 -0.00340138 
235 images/235.jpg images/236.jpg -0.00914658 -0.0199417 0.00209819 0.00233892 -0.022547 -0.0162408 
236 images/236.jpg images/237.jpg 0.00065314 -0.000259527 -0.0022476 0.0309308 -0.0164587 -0.0138675 
237 images/237.jpg images/238.jpg -0.000300211 -0.00204061 -0.00240934 0.0246942 -0.00333848 -0.0188555 
238 images/238.jpg images/239.jpg -0.0110697 -0.00241945 -0.00244761 0.021171 0.00891935 -0.0192618 
239 images/239.jpg images/240.jpg -0.00945711 -0.00475233 -0.00159374 0.0168093 0.00164231 -0.015482 
240 images/240.jpg images/241.jpg -0.00242831 -0.00206671 0.000338794 0.0164666 -0.00547186 -0.00966334 
241 images/241.jpg images/242.jpg -0.0074795 -0.00806443 -0.00104486 0.00500183 -0.000527039 0.00354238 
242 images/242.jpg images/243.jpg -0.0042171 -0.00785206 -0.000318999 0.0102623 -0.00809805 0.00258969 
243 images/243.jpg images/244.jpg 0.000400841 -0.00561576 -0.00014812 0.0130986 -0.00817418 0.00780965 
244 images/244.jpg images/245.jpg -0.00218792 -0.00849344 -0.00140212 0.0102126 -0.00128284 0.0142938 
245 images/245.jpg images/246.jpg -0.0046736 -0.00637941 -0.000420727 0.013083 -0.00114297 0.0163448 
246 images/246.jpg images/247.jpg 0.00123227 -0.0104614 -0.00153829 0.0082748 -0.00824387 0.0188871 
247 images/247.jpg images/248.jpg -0.000756989 -0.0121453 -0.00281577 0.0140765 0.000269498 0.0169268 
248 images/248.jpg images/249.jpg 0.00119174 -0.00880998 -0.00187027 0.0183554 0.000142119 0.0182532 
249 images/249.jpg images/250.jpg -0.000675966 -0.0135277 -0.00114244 0.0137019 0.00659723 0.0209965 
250 images/250.jpg images/251.jpg -0.00522734 -0.00857798 0.000180365 0.0226056 0.00924066 0.0188089 
251 images/251.jpg images/252.jpg 0.00415608 -0.00765635 -0.000324561 0.0147962 0.00221978 0.0149268 
252 images/252.jpg images/253.jpg -0.00551319 -0.0050347 0.00425393 0.0152295 0.0154375 0.0221012 
253 images/253.jpg images/254.jpg -0.00424861 -0.00393958 0.00522504 0.00780913 0.00632871 0.0214572 
254 images/254.jpg images/255.jpg -0.00557812 -0.00694944 0.00487382 0.00102786 0.00599145 0.0230318 
255 images/255.jpg images/256.jpg -0.00304247 -0.00371392 0.0065492 -0.000470806 0.00128796 0.0220212 
256 images/256.jpg images/257.jpg -0.00219091 -0.0103604 0.00438636 -0.0115395 0.00408701 0.0217321 
257 images/257.jpg images/258.jpg -0.00321016 -0.00855828 0.00594399 -0.00182458 0.0107407 0.0247984 
258 images/258.jpg images/259.jpg -0.0111008 -0.00932556 0.0071633 -0.000431566 0.0197554 0.0260922 
259 images/259.jpg images/260.jpg -0.0115881 -0.00933109 0.00719721 -1.48666e-05 0.0146115 0.0204854 
260 images/260.jpg images/261.jpg -0.0123267 -0.0116046 0.00658594 0.000729968 0.0142503 0.0144137 
261 images/261.jpg images/262.jpg -0.0134629 -0.00920739 0.00627401 0.00650868 0.00818684 0.0167363 
262 images/262.jpg images/263.jpg -0.0171249 -0.00796171 0.00789593 -0.000219564 0.0055403 0.0098243 
263 images/263.jpg images/264.jpg -0.0108161 -0.0039913 0.00807662 0.00209671 -0.00100013 0.00267551 
264 images/264.jpg images/265.jpg -0.0107782 -0.00308653 0.0076361 0.000990497 0.00497616 0.00399558 
265 images/265.jpg images/266.jpg -0.0153169 -0.00418441 0.0060309 -0.00817941 0.0122069 0.011103 
266 images/266.jpg images/267.jpg -0.0133475 -0.00325795 0.0103369 -0.0123621 0.0123685 0.0119087 
267 images/267.jpg images/268.jpg -0.0148296 -0.00987065 0.00841327 -0.0149522 0.0175876 0.0166175 
268 images/268.jpg images/269.jpg -0.0212386 -0.00483616 0.00690995 -0.00337162 0.0191406 0.0214988 
269 images/269.jpg images/270.jpg -0.0137952 -8.51128e-06 0.00944455 -0.00787438 0.00779053 0.0171023 
270 images/270.jpg images/271.jpg -0.0169598 -0.0102967 0.00767696 -0.020174 0.0118144 0.0193289 
271 images/271.jpg images/272.jpg -0.0157457 -0.00868599 0.0082994 -0.00655898 0.00674825 0.0161422 
272 images/272.jpg images/273.jpg -0.0140236 0.00547023 0.00729734 0.00886603 0.00428826 0.0108743 
273 images/273.jpg images/274.jpg -0.0175573 -0.0034748 0.00548504 -0.016079 0.00806586 0.00643761 
274 images/274.jpg images/275.jpg -0.0161284 -0.0119778 0.00296394 -0.0166351 0.00570416 0.0121575 
275 images/275.jpg images/276.jpg -0.0138793 0.0032523 0.00373955 0.00585121 0.00773466 0.00804324 
276 images/276.jpg images/277.jpg -0.014245 0.000157842 0.00373797 -0.0103799 0.0123046 0.00409449 
277 images/277.jpg images/278.jpg -0.0215182 -0.00865719 0.00216674 -0.0141413 0.0192738 0.00729767 
278 images/278.jpg images/279.jpg -0.0207073 0.000143205 0.0027511 0.00168429 0.0121409 0.00772137 
279 images/279.jpg images/280.jpg -0.0217081 -0.0017462 0.00155318 -0.00342003 0.0070743 0.0049172 
280 images/280.jpg images/281.jpg -0.021983 0.0011541 0.00414804 0.00234622 0.00221248 0.00285655 
281 images/281.jpg images/282.jpg -0.0171111 0.00350338 0.000997918 -0.00401277 -0.00798984 0.00368668 
282 images/282.jpg images/283.jpg -0.0134036 -0.00223344 0.00513073 -0.010242 -0.00580987 -0.00284874 
283 images/283.jpg images/284.jpg -0.0163677 0.00119368 0.0040458 0.0020191 0.0050208 0.000380648 
284 images/284.jpg images/285.jpg -0.0207756 0.0121056 0.00595441 0.00436185 0.00779064 0.00470302 
285 images/285.jpg images/286.jpg -0.0167059 0.00327248 0.00693125 -0.0192562 0.000576291 0.00245531 
286 images/286.jpg images/287.jpg -0.0179092 -0.00539174 0.00567987 -0.0159788 0.00506858 0.00334496 
287 images/287.jpg images/288.jpg -0.0248125 0.0162721 0.00677678 0.00903334 0.00734642 0.00725109 
288 images/288.jpg images/289.jpg -0.0175618 0.0178533 0.0141166 -0.0062043 -0.00363048 0.0106179 
289 images/289.jpg images/290.jpg -0.0157552 -0.00134791 0.00772141 -0.0237466 -0.00220153 0.0163208 
290 images/290.jpg images/291.jpg -0.0209378 0.0108091 0.00789868 -0.00368125 0.00293348 0.0211936 
291 images/291.jpg images/292.jpg -0.0188593 0.0159152 0.0117887 -0.00542733 -0.000564347 0.0200779 
292 images/292.jpg images/293.jpg -0.0178981 0.00413535 0.00806981 -0.0167721 0.000923135 0.0153703 
293 images/293.jpg images/294.jpg -0.0134191 0.00963357 0.0091379 -0.00318626 0.00285721 0.0111971 
294 images/294.jpg images/295.jpg -0.0175528 0.0144651 0.0101783 -0.00156457 0.0119602 0.0111014 
295 images/295.jpg images/296.jpg -0.0182587 0.0106848 0.0112235 -0.0095923 0.0117722 0.01184 
296 images/296.jpg images/297.jpg -0.0155659 0.0039433 0.00938772 -0.00914059 0.00894208 0.0164952 
297 images/297.jpg images/298.jpg -0.0173835 0.0160809 0.0106742 -0.00110576 0.00504516 0.0178104 
298 images/298.jpg images/299.jpg -0.0108954 0.00666238 0.0116633 -0.0153328 -0.00191192 0.0170688 
299 images/299.jpg images/300.jpg -0.00649398 0.00788691 0.0117418 -0.00730834 0.00122984 0.00866405 
300 images/300.jpg images/301.jpg -0.00584648 0.0155876 0.0111283 -0.00523137 0.00881991 0.0010724 
301 images/301.jpg images/302.jpg -0.00602158 0.0110638 0.0106766 -0.0175783 0.0171925 0.00446568 
302 images/302.jpg images/303.jpg -0.00588302 -0.00323584 0.0110407 -0.0247977 0.0234914 0.00268035 
303 images/303.jpg images/304.jpg -0.00470505 -0.00188234 0.0103129 -0.0123189 0.029992 0.00215052 
304 images/304.jpg images/305.jpg -0.0123388 0.00460846 0.00642269 -0.00172041 0.0372876 0.00829472 
305 images/305.jpg images/306.jpg -0.0218724 0.00507275 0.00612452 -0.00287266 0.0354565 0.0106791 
306 images/306.jpg images/307.jpg -0.0173887 0.0132438 0.00849247 -0.00339336 0.0241267 0.00687238 
307 images/307.jpg images/308.jpg -0.0229282 0.00087175 0.0102167 -0.0141312 0.0196409 0.013665 
308 images/308.jpg images/309.jpg -0.0149149 0.000705658 0.00918515 -0.00866652 0.00402391 0.0198634 
309 images/309.jpg images/310.jpg -0.0108358 0.0108272 0.0105374 -0.00439809 0.00544432 0.0172852 
310 images/310.jpg images/311.jpg -0.0218871 0.00485421 0.0105163 -0.00650482 0.0106845 0.0115419 
311 images/311.jpg images/312.jpg -0.0109766 0.000451973 0.0123084 -0.00807742 -0.000312222 0.0158519 
312 images/312.jpg images/313.jpg -0.0178612 0.00746423 0.0109262 0.00261626 0.00702847 0.0234167 
313 images/313.jpg images/314.jpg -0.0342209 0.0302098 0.0124797 0.000882528 0.00391169 0.0195149 
314 images/314.jpg images/315.jpg -0.0185822 0.00977602 0.0147517 -0.0241473 -0.0185822 0.0163081 
315 images/315.jpg images/316.jpg -0.00848238 0.00412251 0.0126862 -0.0265893 -0.0229814 0.0234109 
316 images/316.jpg images/317.jpg -0.00924458 0.0146082 0.00599883 -0.031751 -0.0187719 0.0306416 
317 images/317.jpg images/318.jpg 0.00179842 0.0037303 0.0110813 -0.0429534 -0.0124175 0.0277451 
318 images/318.jpg images/319.jpg 0.00335921 -0.0171186 0.0102664 -0.0419233 0.000152177 0.0351346 
319 images/319.jpg images/320.jpg 0.000112171 0.0156636 -0.000141048 -0.0140797 0.0109894 0.0327216 
320 images/320.jpg images/321.jpg 0.000217904 0.00077474 -0.00168791 -0.0263363 0.0260667 0.0228295 
321 images/321.jpg images/322.jpg -0.0110366 -0.0145954 0.00210584 -0.0228707 0.0402556 0.0264646 
322 images/322.jpg images/323.jpg -0.0135751 -0.00156815 -0.00724176 -0.000278616 0.03857 0.038617 
323 images/323.jpg images/324.jpg -0.0161159 0.0155247 -0.0118814 0.00455713 0.0294071 0.0404372 
324 images/324.jpg images/325.jpg -0.0205613 0.0120266 -0.00877068 -0.00770103 0.0181421 0.0343994 
325 images/325.jpg images/326.jpg -0.0215653 -0.00594618 -0.00767457 -0.0183584 0.011527 0.0343629 
326 images/326.jpg images/327.jpg -0.00626224 -0.00254381 -0.0131565 -0.0113419 0.00334251 0.0418954 
327 images/327.jpg images/328.jpg 0.00658391 -0.0180414 -0.0097582 -0.0212114 0.00967632 0.035916 
328 images/328.jpg images/329.jpg -0.018389 -0.0524257 -0.0121452 -0.0109039 0.0352412 0.0200686 
329 images/329.jpg images/330.jpg -0.0149365 -0.0143553 -0.0185936 0.0300086 0.0351771 0.028029 
330 images/330.jpg images/331.jpg -0.00659136 -0.00582092 -0.0204198 0.0317941 0.0268966 0.0191751 
331 images/331.jpg images/332.jpg -0.0111173 -0.00723579 -0.0197293 0.0235038 0.0259822 0.0161966 
332 images/332.jpg images/333.jpg -0.0138356 -0.0196724 -0.0168993 0.0177612 0.0236767 0.009239 
333 images/333.jpg images/334.jpg -0.0095178 0.00086977 -0.019508 0.0268941 0.0197468 0.00200754 
334 images/334.jpg images/335.jpg -0.0115527 -0.0137784 -0.0150385 0.00738122 0.0201908 -0.0188019 
335 images/335.jpg images/336.jpg -0.0104281 -0.0171112 -0.0141062 0.00996065 0.0260152 -0.0251382 
336 images/336.jpg images/337.jpg -0.0104904 -0.00332949 -0.0135425 0.00917562 0.0307491 -0.0231189 
337 images/337.jpg images/338.jpg -0.0280682 -0.00954551 -0.0048592 -0.00518334 0.0414616 -0.0246701 
338 images/338.jpg images/339.jpg -0.0311691 -0.013219 0.000377223 -0.00885603 0.0335201 -0.0232175 
339 images/339.jpg images/340.jpg -0.0232158 -0.0190241 0.00143103 -0.0110476 0.0241723 -0.0277428 
340 images/340.jpg images/341.jpg -0.024485 -0.023544 0.00289615 -0.00355201 0.0243631 -0.0203276 
341 images/341.jpg images/342.jpg -0.0212428 0.00159295 -4.37682e-07 0.00847497 0.0209263 -0.005913 
342 images/342.jpg images/343.jpg -0.0285192 -0.0138701 0.00649266 -0.0161122 0.0226737 -0.0128636 
343 images/343.jpg images/344.jpg -0.0283783 -0.0194167 0.00840742 -0.015864 0.0142011 -0.0184879 
344 images/344.jpg images/345.jpg -0.0136403 -0.0162542 0.0082953 -0.0117059 0.00540145 -0.0180405 
345 images/345.jpg images/346.jpg -0.0187868 -0.0144752 0.00916449 -0.0110799 0.0196237 -0.0174984 
346 images/346.jpg images/347.jpg -0.0363598 -0.0157779 0.00998623 -0.0142406 0.0242473 -0.0156721 
347 images/347.jpg images/348.jpg -0.0205563 -0.0179303 0.0102759 -0.018399 0.00612289 -0.0168123 
348 images/348.jpg images/349.jpg -0.022329 -0.0197348 0.0113515 -0.0176791 0.00985345 -0.0174346 
349 images/349.jpg images/350.jpg -0.0257572 -0.0172201 0.0103755 -0.0126745 0.00888379 -0.0117969 
350 images/350.jpg images/351.jpg -0.0186731 -0.0099445 0.0104238 -0.0163984 0.00404132 -0.0105509 
351 images/351.jpg images/352.jpg -0.0233167 -0.02791 0.01474 -0.0287218 0.00456017 -0.00663488 
352 images/352.jpg images/353.jpg -0.0293573 -0.023836 0.0121117 -0.0104364 -0.00448357 -0.00420929 
353 images/353.jpg images/354.jpg -0.0194635 -0.0102073 0.00914386 -0.010403 -0.0153922 0.00141821 
354 images/354.jpg images/355.jpg -0.0152721 -0.0191455 0.0149094 -0.024203 -0.0174109 0.00777931 
355 images/355.jpg images/356.jpg -0.00753787 -0.0211403 0.0174679 -0.0174292 -0.0177638 0.0117252 
356 images/356.jpg images/357.jpg -0.0142583 -0.021041 0.0153173 -0.0138823 -0.0051404 0.00585306 
357 images/357.jpg images/358.jpg -0.0131362 -0.0263927 0.0124757 -0.00210656 -0.00536981 -0.00100235 
358 images/358.jpg images/359.jpg -0.0100809 -0.0158518 0.0113794 0.00872747 0.000863847 -0.000423215 
359 images/359.jpg images/360.jpg -0.0143798 -0.0157202 0.0119699 0.0108688 0.00920982 -0.000404201 
360 images/360.jpg images/361.jpg -0.0114507 -0.0121114 0.0148948 0.0116157 0.00911922 -0.00667367 
361 images/361.jpg images/362.jpg -0.00952436 -0.0148876 0.0175065 0.0145845 0.0153531 -0.00469528 
362 images/362.jpg images/363.jpg -0.0155065 -0.00725578 0.0148174 0.0241639 0.019634 0.00636099 
363 images/363.jpg images/364.jpg -0.0195119 0.00348515 0.0108458 0.0120037 0.00981794 0.0117937 
364 images/364.jpg images/365.jpg -0.0177293 -0.00823381 0.0202505 -0.00380027 -0.00615608 0.0243096 
365 images/365.jpg images/366.jpg -0.0111813 -0.00774683 0.0204356 0.000866119 -0.0202881 0.0208449 
366 images/366.jpg images/367.jpg -0.00558935 -0.00745111 0.0154435 0.0108626 -0.0218439 0.0144507 
367 images/367.jpg images/368.jpg -0.00758471 0.0127247 0.0179287 0.0103109 -0.00953578 0.00676755 
368 images/368.jpg images/369.jpg -0.00501354 -0.0110833 0.0196347 -0.0153173 -4.25596e-05 0.00997895 
369 images/369.jpg images/370.jpg -0.0131335 -0.0124977 0.0144733 -0.00144355 0.0102405 0.00861247 
370 images/370.jpg images/371.jpg -0.0216989 -0.00808415 0.01006 0.00741929 0.0115478 0.000167202 
371 images/371.jpg images/372.jpg -0.0257279 -0.00203225 0.00896584 0.00642157 0.00154651 -0.000707423 
372 images/372.jpg images/373.jpg -0.0132739 -0.0124809 0.0102977 0.00141733 -0.00999841 0.00423738 
373 images/373.jpg images/374.jpg -0.0153168 -0.00918697 0.00669779 0.0168109 -0.00175516 0.00491592 
374 images/374.jpg images/375.jpg -0.0241123 0.0106557 0.000338103 0.0212512 -0.000445632 0.006555 
375 images/375.jpg images/376.jpg -0.0153436 -0.00422839 0.00917956 -0.0117476 -0.00857053 0.0116822 
376 images/376.jpg images/377.jpg -0.00868406 -0.0190469 0.0114671 -0.00741544 -0.00383813 0.0176286 
377 images/377.jpg images/378.jpg -0.019883 -0.00265662 0.00369634 0.0158203 0.007698 0.0169643 
378 images/378.jpg images/379.jpg -0.0220156 0.00659669 0.00428172 0.00219277 0.00282304 0.0156996 
379 images/379.jpg images/380.jpg -0.010047 -0.01331 0.0113821 -0.0173652 -0.00167787 0.0143462 
380 images/380.jpg images/381.jpg -0.0135097 -0.0121888 0.00576641 0.00124616 0.00829871 0.00702987 
381 images/381.jpg images/382.jpg -0.0132013 0.00670213 0.00402651 0.00988304 0.0112002 -0.00321866 
382 images/382.jpg images/383.jpg -0.0106455 -0.00664018 0.0064942 -0.0105799 0.020765 0.00166761 
383 images/383.jpg images/384.jpg -0.0168094 -0.00626872 0.00689366 -0.00428991 0.0312594 0.00434848 
384 images/384.jpg images/385.jpg -0.0246368 -0.001121 0.00756158 -0.00164757 0.0277595 0.0010324 
385 images/385.jpg images/386.jpg -0.018545 -0.00589884 0.00653508 -0.00400327 0.0131591 0.00643721 
386 images/386.jpg images/387.jpg -0.0135839 -0.00364391 0.00760499 -0.00129087 0.00835554 0.00943341 
387 images/387.jpg images/388.jpg -0.0185806 -0.00765204 0.00581975 -0.0033914 0.00855438 0.00714087 
388 images/388.jpg images/389.jpg -0.011609 -0.00405317 0.00700409 0.00472613 0.00159241 0.0097987 
389 images/389.jpg images/390.jpg -0.0124993 0.00109248 0.00547471 0.00319276 0.00686451 0.0198521 
390 images/390.jpg images/391.jpg -0.0112661 -0.00408245 0.00685728 -0.00353531 0.00601268 0.0173551 
391 images/391.jpg images/392.jpg -0.00885697 -0.00361527 0.00700925 -0.00245411 0.00789061 0.00905393 
392 images/392.jpg images/393.jpg -0.0122438 -0.00450835 0.00621676 -0.00295307 0.0148615 0.0111586 
393 images/393.jpg images/394.jpg -0.0138434 -0.00265926 0.00731999 -0.00341235 0.0126619 0.00905911 
394 images/394.jpg images/395.jpg -0.0103472 -0.0067922 0.00736677 -0.00660027 0.0106185 0.0146835 
395 images/395.jpg images/396.jpg -0.00995641 -0.00602 0.0091535 -0.00435472 0.0109692 0.0105035 
396 images/396.jpg images/397.jpg -0.00803417 -0.0116917 0.0093421 -0.000760179 0.0116715 0.00437508 
397 images/397.jpg images/398.jpg -0.0141983 -0.000687616 0.00672013 0.0129311 0.0190504 0.00622435 
398 images/398.jpg images/399.jpg -0.0127788 0.000227617 0.00794052 0.00506302 0.0136755 0.00637155 
399 images/399.jpg images/400.jpg -0.00913836 -0.00611461 0.0115989 -0.00319465 0.0120995 0.00326941 
400 images/400.jpg images/401.jpg -0.0125633 -0.0122003 0.0101582 0.00277686 0.017269 0.00920087 
401 images/401.jpg images/402.jpg -0.0175363 9.16202e-05 0.00500753 0.0136514 0.0130729 0.00953309 
402 images/402.jpg images/403.jpg -0.0132707 0.0018554 0.00777963 0.00306632 0.00307032 0.00583263 
403 images/403.jpg images/404.jpg -0.00919784 -0.00347678 0.0072065 -0.00105874 0.00115942 -0.00181804 
404 images/404.jpg images/405.jpg -0.012779 0.00595331 0.00273474 -0.000315462 0.00972506 -0.00565468 
405 images/405.jpg images/406.jpg -0.0149393 0.00106608 0.00470509 -0.0155557 0.010998 -0.00536988 
406 images/406.jpg images/407.jpg -0.0126329 -0.00595987 0.00294905 -0.0109569 0.00766222 0.00688825 
407 images/407.jpg images/408.jpg -0.0162556 0.00640147 -0.0038655 -0.00404693 0.00671268 0.0105304 
408 images/408.jpg images/409.jpg -0.0121625 0.00194781 -0.00106768 -0.0126002 0.00278251 0.00693283 
409 images/409.jpg images/410.jpg -0.0106089 -0.00245931 -0.00341373 -0.0109961 0.00431455 0.00914669 
410 images/410.jpg images/411.jpg -0.0166104 0.0091225 -0.00933307 -0.00640844 0.00697078 0.00147297 
411 images/411.jpg images/412.jpg -0.0120251 0.00388102 -0.00516422 -0.0166661 0.00603538 -0.00308585 
412 images/412.jpg images/413.jpg -0.010697 -0.00277989 -0.00636081 -0.0155204 0.0129824 0.00123749 
413 images/413.jpg images/414.jpg -0.018571 0.00562617 -0.0119999 -0.00609119 0.0189334 0.00582085 
414 images/414.jpg images/415.jpg -0.01939 0.00439404 -0.0133687 -0.0147792 0.0126418 0.00327173 
415 images/415.jpg images/416.jpg -0.0148519 -0.009421 -0.00993711 -0.0127932 0.0060697 0.00678787 
416 images/416.jpg images/417.jpg -0.0174973 0.00873745 -0.0165475 0.00705561 0.0045695 0.00439421 
417 images/417.jpg images/418.jpg -0.0121205 0.0100586 -0.0125719 -0.00738868 0.00273627 0.00665415 
418 images/418.jpg images/419.jpg -0.0130009 -0.00378221 -0.0120799 -0.00920474 0.00686406 0.00547053 
419 images/419.jpg images/420.jpg -0.0170193 0.00862401 -0.0149358 0.00396594 0.00667074 0.000955799 
420 images/420.jpg images/421.jpg -0.0150545 0.00651009 -0.011124 -0.00302498 0.00443607 0.00611579 
421 images/421.jpg images/422.jpg -0.0173871 0.00311342 -0.0134129 0.000139593 0.00397496 0.00761922 
422 images/422.jpg images/423.jpg -0.01815 0.0105745 -0.0148944 0.00468797 0.000688854 -0.00141443 
423 images/423.jpg images/424.jpg -0.0170218 0.00976231 -0.0101453 0.0013179 -0.00296077 -0.00280066 
424 images/424.jpg images/425.jpg -0.0168505 0.0109797 -0.0108878 0.00368922 -0.00307242 0.000498406 
425 images/425.jpg images/426.jpg -0.017582 0.0168007 -0.0134449 5.40817e-05 -0.00354232 -0.00312046 
426 images/426.jpg images/427.jpg -0.0127219 0.00873483 -0.00290932 -0.00765805 -0.00881088 -0.00683691 
427 images/427.jpg images/428.jpg -0.00992334 0.00899896 -0.00281979 0.00515695 -0.00368186 0.000854464 
428 images/428.jpg images/429.jpg -0.0128457 0.0197897 -0.0078904 0.0115778 0.000843408 -0.00292859 
429 images/429.jpg images/430.jpg -0.0123335 0.0129074 -0.00615411 0.000532735 0.000897466 -0.00545121 
430 images/430.jpg images/431.jpg -0.0109342 0.0126872 -0.00609233 0.00624073 -0.00203381 0.000667976 
431 images/431.jpg images/432.jpg -0.00799617 0.0211196 -0.00643201 0.00607479 -0.00340461 0.0083782 
432 images/432.jpg images/433.jpg -0.0068097 0.0177402 -0.00531563 -0.00749579 0.000101626 0.0178289 
433 images/433.jpg images/434.jpg -0.00278083 0.00698296 -0.00195461 -0.00581103 0.000484621 0.0130796 
434 images/434.jpg images/435.jpg -0.00382878 0.0172447 -0.00708519 0.014193 0.00350503 -0.000589249 
435 images/435.jpg images/436.jpg -0.00573665 0.0232875 -0.00922479 0.0053826 0.00948245 -0.00244131 
436 images/436.jpg images/437.jpg -0.00424152 0.0190772 -0.00599486 -0.00730562 0.0123911 0.00656764 
437 images/437.jpg images/438.jpg -0.00329403 0.0111495 -0.00574207 -0.0115451 0.0114817 0.00473868 
438 images/438.jpg images/439.jpg -0.00524998 0.0128403 -0.00799247 -0.0035394 0.00984582 0.000239334 
439 images/439.jpg images/440.jpg -0.00648675 0.0183757 -0.00958008 -0.00433146 0.00628165 0.00865049 
440 images/440.jpg images/441.jpg -0.000791576 0.00936272 -0.00467103 -0.0161844 0.00164222 0.0160062 
441 images/441.jpg images/442.jpg -0.00674425 0.00419749 -0.00513038 -0.00399058 0.000830482 0.00926708 
442 images/442.jpg images/443.jpg -0.00304255 0.0112416 -0.00837811 0.00881374 -0.00912721 0.00354425 
443 images/443.jpg images/444.jpg -0.000834202 0.00756018 -0.00644583 0.00833426 -0.0120466 -0.00674128 
444 images/444.jpg images/445.jpg 0.00144571 0.00320788 -0.00229519 0.0127585 -0.0119174 -0.00957905 
445 images/445.jpg images/446.jpg 0.00480039 -0.00595206 -0.000444025 0.0248049 -0.00340233 0.00305894 
446 images/446.jpg images/447.jpg -0.00201169 0.0163144 -0.0134071 0.045415 0.00261951 0.00618012 
447 images/447.jpg images/448.jpg 0.00168258 0.0141097 -0.00687873 0.0318025 0.0018605 0.00841575 
448 images/448.jpg images/449.jpg -0.00991613 -0.00144928 -0.0125617 0.0229564 0.0089058 0.0153022 
449 images/449.jpg images/450.jpg -0.00878182 0.00901974 -0.0150146 0.0333284 -0.00387994 0.0141178 
450 images/450.jpg images/451.jpg -0.00193748 0.00773604 -0.0143695 0.0274125 -0.0133756 0.0107731 
451 images/451.jpg images/452.jpg -0.00183343 0.0105544 -0.0135018 0.0244777 -0.0152659 0.00637815 
452 images/452.jpg images/453.jpg 0.0033383 0.00712793 -0.0109361 0.0147397 -0.0125541 0.00388995 
453 images/453.jpg images/454.jpg -0.00264129 0.00247212 -0.0110368 0.0125248 -0.00221487 0.00642176 
454 images/454.jpg images/455.jpg -0.00180035 0.00188536 -0.0135097 0.0123294 -0.00698189 0.00248185 
455 images/455.jpg images/456.jpg 0.00212888 -0.0018221 -0.0116563 0.0109563 -0.00581788 0.00207417 
456 images/456.jpg images/457.jpg -0.0108248 0.00418044 -0.0146449 0.0203371 -0.000753851 0.00763656 
457 images/457.jpg images/458.jpg -0.00363141 0.00535387 -0.014853 0.013494 -0.0205729 0.0105568 
458 images/458.jpg images/459.jpg 0.0026161 -0.00352532 -0.0101414 0.00672377 -0.0259016 0.00971208 
459 images/459.jpg images/460.jpg 0.00441699 -0.00247432 -0.0137771 0.00858544 -0.0205065 0.0132181 
460 images/460.jpg images/461.jpg 0.0138717 -0.00253957 -0.0170421 0.00512202 -0.0173301 0.00637561 
461 images/461.jpg images/462.jpg 0.00608272 -0.00804513 -0.0139928 0.00429795 -0.000175597 -0.000160574 
462 images/462.jpg images/463.jpg 0.00058619 -0.00785392 -0.0149354 0.0103158 0.00587429 -0.000383612 
463 images/463.jpg images/464.jpg 0.000913863 -0.00700003 -0.0143916 0.0146825 0.00601441 -0.00392799 
464 images/464.jpg images/465.jpg 0.000169205 -0.00448412 -0.0145697 0.0204294 0.00369695 -0.00214181 
465 images/465.jpg images/466.jpg 0.00451282 -0.00181627 -0.0170983 0.0158849 -0.00544446 -9.43416e-05 
466 images/466.jpg images/467.jpg 0.00332585 -0.0069382 -0.0147909 0.0104536 -0.00392376 -0.0043013 
467 images/467.jpg images/468.jpg 0.00443412 -0.00250526 -0.0149433 0.0166285 -0.00543125 -0.00437443 
468 images/468.jpg images/469.jpg 0.0085282 -0.00775231 -0.0155443 0.0130512 -0.00640551 -0.00846305 
469 images/469.jpg images/470.jpg 0.0119634 -0.00110941 -0.0155077 0.0193835 -0.00206174 -0.00570732 
470 images/470.jpg images/471.jpg 0.00750468 -0.00315943 -0.0136467 0.0139465 0.00763167 -0.00614391 
471 images/471.jpg images/472.jpg 0.0103797 -0.00294181 -0.0129929 0.0169683 0.00641773 -0.00411131 
472 images/472.jpg images/473.jpg 0.0113229 -0.0042701 -0.013856 0.0115384 0.00529772 -0.00472242 
473 images/473.jpg images/474.jpg 0.0142333 -0.00502568 -0.0151974 0.00817021 0.00416753 -0.00677584 
474 images/474.jpg images/475.jpg 0.0134496 -0.00394881 -0.011656 0.00495158 0.00718869 -0.00369091 
475 images/475.jpg images/476.jpg 0.0126733 -0.00467247 -0.010435 0.00453151 0.00605806 -0.00244353 
476 images/476.jpg images/477.jpg 0.0136795 -0.00451584 -0.00911057 0.00599104 0.00656943 -0.00132918 
477 images/477.jpg images/478.jpg 0.0156182 -0.0049113 -0.00942685 0.00501335 0.00195062 0.00028879 
478 images/478.jpg images/479.jpg 0.0154981 -0.00425857 -0.00796218 0.00484023 0.0010595 -0.00476054 
479 images/479.jpg images/480.jpg 0.0159001 -0.00472656 -0.00644139 0.00928379 0.00273706 -0.00475324 
480 images/480.jpg images/481.jpg 0.0155002 -0.00192786 -0.00608756 0.0114081 0.00497096 -0.00727068 
481 images/481.jpg images/482.jpg 0.0152628 -0.00398102 -0.00449067 0.00420719 0.00579592 -0.00666647 
482 images/482.jpg images/483.jpg 0.0152967 -0.00403953 -0.00390347 0.00830374 0.00351904 -0.00722324 
483 images/483.jpg images/484.jpg 0.0161571 -0.00331626 -0.00328889 0.0108974 0.00181807 -0.00718292 
484 images/484.jpg images/485.jpg 0.0160027 -0.00532862 -0.0042284 0.0104661 0.00191273 -0.00748253 
485 images/485.jpg images/486.jpg 0.0157894 -0.00253632 -0.00461506 0.0153372 0.00380442 -0.0074309 
486 images/486.jpg images/487.jpg 0.0126323 0.000118142 -0.00383175 0.0153892 0.0110703 -0.00953516 
487 images/487.jpg images/488.jpg 0.0137616 -0.000115614 -0.00287661 0.0124419 0.00913286 -0.00857596 
488 images/488.jpg images/489.jpg 0.0141915 0.000113258 -0.00352309 0.00657645 0.00699659 0.0020785 
489 images/489.jpg images/490.jpg 0.0155117 0.000325308 -0.00204365 0.0018935 0.00281839 0.00246335 
490 images/490.jpg images/491.jpg 0.0145598 -0.000865609 -0.00155466 -0.00140753 0.00424168 -0.00333157 
491 images/491.jpg images/492.jpg 0.0137575 -0.00051083 -0.00186354 0.000340239 0.00270824 0.000495875 
492 images/492.jpg images/493.jpg 0.0104724 -0.000108543 -0.00234755 0.00433698 0.004277 -0.00158753 
493 images/493.jpg images/494.jpg 0.012857 0.00145168 -0.0020056 0.00439777 0.000596543 -0.00721129 
494 images/494.jpg images/495.jpg 0.00964029 -3.39438e-05 -0.00299893 0.0054489 0.00532256 -0.00937614 
495 images/495.jpg images/496.jpg 0.0107456 0.00107116 -0.00232238 0.00483319 0.00298844 -0.00920341 
496 images/496.jpg images/497.jpg 0.0103843 -2.93443e-06 -0.00291388 0.00522329 0.00532192 -0.00704549 
497 images/497.jpg images/498.jpg 0.00522897 0.00796639 -0.00213064 0.0109795 0.0115681 -0.00381486 
498 images/498.jpg images/499.jpg 0.00610476 -0.0051827 -0.00192088 -0.00766733 -3.15696e-06 -0.00810097 
499 images/499.jpg images/500.jpg 0.00939461 0.00648994 -0.000709103 0.016788 -0.00746852 -0.010101 
500 images/500.jpg images/501.jpg 0.00607566 0.00717517 0.000831818 0.0035821 0.00446407 -0.00993918 
501 images/501.jpg images/502.jpg 0.0100622 0.00365349 -9.95546e-05 -0.00778593 -0.000721049 -0.00892947 
502 images/502.jpg images/503.jpg 0.00791274 0.0013613 0.00170877 -0.00922173 0.00422466 -0.00937174 
503 images/503.jpg images/504.jpg 0.00692636 0.00385049 0.000160913 -0.00741357 0.00880191 -0.0077009 
504 images/504.jpg images/505.jpg 0.00656366 0.00609609 0.00255238 -0.0165659 0.00843669 -0.00480991 
505 images/505.jpg images/506.jpg 0.003734 -0.00376651 4.11002e-05 -0.0283651 0.00636969 -0.00319286 
506 images/506.jpg images/507.jpg 0.00732258 0.00601089 0.00178304 -0.0140267 -0.00512114 -0.00379005 
507 images/507.jpg images/508.jpg 0.00916926 0.00276153 0.0017841 -0.0209308 -0.010081 -0.00644676 
508 images/508.jpg images/509.jpg 0.009436 -0.000326823 0.00142098 -0.0219139 -0.00613826 -0.0120543 
509 images/509.jpg images/510.jpg 0.00715406 0.00337147 0.00156345 -0.0136223 -6.86896e-05 -0.0119857 
510 images/510.jpg images/511.jpg 0.0059706 -0.000152365 0.00218203 -0.0165915 -0.00159008 -0.0103237 
511 images/511.jpg images/512.jpg 0.00623684 0.000283519 0.00138006 -0.00781951 -0.00626606 -0.0115625 
512 images/512.jpg images/513.jpg 0.00845233 0.00147543 0.000476931 -0.0012014 -0.00890937 -0.010624 
513 images/513.jpg images/514.jpg 0.00608856 0.00366297 -0.000819621 0.0022027 -0.00324252 -0.00725616 
514 images/514.jpg images/515.jpg 0.00424174 0.00325621 -0.000707021 -0.00237405 -0.0024678 -0.00945877 
515 images/515.jpg images/516.jpg 0.00243837 0.000861075 0.00159238 -0.00853655 -0.00628048 -0.0053508 
516 images/516.jpg images/517.jpg 0.00523578 -0.00231618 0.00188282 -0.00478352 -0.0176243 -0.00430813 
517 images/517.jpg images/518.jpg 0.00570062 0.0100795 0.000398128 0.00957266 -0.0145238 -0.0153048 
518 images/518.jpg images/519.jpg 0.00773435 0.000826804 0.00348549 -0.00955411 -0.00833015 -0.0154281 
519 images/519.jpg images/520.jpg 0.00554632 -0.000807833 0.00273407 -0.00418376 -0.000260901 -0.00951114 
520 images/520.jpg images/521.jpg 0.00332113 0.00197734 0.00116746 0.00282162 0.000978105 -0.00867755 
521 images/521.jpg images/522.jpg 0.00496007 0.000364538 0.00175305 -0.00119455 -0.00189237 -0.00957565 
522 images/522.jpg images/523.jpg 0.00225403 0.000886765 0.00289213 0.00172428 -0.00158909 -0.00415471 
523 images/523.jpg images/524.jpg 0.00229393 0.000904209 0.00219614 0.00103455 -0.00777289 -0.00537121 
524 images/524.jpg images/525.jpg 0.00337015 0.00026105 0.00278884 -0.000567006 -0.0100194 -0.0039384 
525 images/525.jpg images/526.jpg 0.00254637 0.00210497 0.00318168 -0.000343132 -0.00999872 -0.00726944 
526 images/526.jpg images/527.jpg 0.0047452 -0.00156223 0.00421926 -0.00508278 -0.0113056 -0.0110364 
527 images/527.jpg images/528.jpg 0.00269316 -0.00280824 0.00273994 -0.00038011 -0.00772679 -0.00856906 
528 images/528.jpg images/529.jpg -0.000675929 0.00272712 0.00120105 0.00634139 -0.00554588 -0.013271 
529 images/529.jpg images/530.jpg 0.00227263 -0.00362935 0.00367836 -0.00435065 -0.0139584 -0.0167314 
530 images/530.jpg images/531.jpg 0.00616413 -0.004696 0.00146884 0.00390847 -0.0143847 -0.0140165 
531 images/531.jpg images/532.jpg 0.0011972 0.00135175 -0.000596441 0.0113481 -0.0041944 -0.0140891 
532 images/532.jpg images/533.jpg 0.00339665 -0.00523471 0.000908918 0.00292992 -0.00904659 -0.0140978 
533 images/533.jpg images/534.jpg 0.00115863 -0.000460544 -0.000896818 0.0141602 -0.00731912 -0.0083174 
534 images/534.jpg images/535.jpg 0.00244065 0.00600285 -0.000976661 0.0126022 -0.0136491 -0.00459688 
535 images/535.jpg images/536.jpg 0.00603631 -0.0121182 0.00203905 -0.0120774 -0.0194265 -0.00841972 
536 images/536.jpg images/537.jpg 0.00620183 -0.000186656 -0.000973292 0.0193407 -0.0137594 -0.00728363 
537 images/537.jpg images/538.jpg 0.00256023 0.00503585 -0.00183224 0.0131421 -0.00651603 -0.00717449 
538 images/538.jpg images/539.jpg 0.00594932 -0.00582051 0.00083804 -0.00533458 -0.0124813 -0.0121373 
539 images/539.jpg images/540.jpg 0.00741118 -0.00295632 -0.000752597 0.0111801 -0.00903538 -0.00730571 
540 images/540.jpg images/541.jpg 0.00010813 0.00828664 -0.00228437 0.0177245 0.0047417 -0.00385821 
541 images/541.jpg images/542.jpg 0.00328878 0.000253585 -7.56173e-05 -0.00691864 -0.00142032 -0.0105562 
542 images/542.jpg images/543.jpg 0.0038091 -0.00344729 0.00152987 -0.00801574 -0.00325599 -0.00506317 
543 images/543.jpg images/544.jpg 0.00112262 0.00555199 -0.000114627 0.00184069 -0.00147799 -0.00167821 
544 images/544.jpg images/545.jpg 0.00156992 0.00171274 0.0019585 -0.0124208 -0.00373595 -0.00551917 
545 images/545.jpg images/546.jpg 0.00196031 -0.005641 0.0020885 -0.0178175 -0.00316961 -0.00351705 
546 images/546.jpg images/547.jpg 0.00233425 -0.00124688 0.00142014 -0.00209919 -0.0012365 -0.0023109 
547 images/547.jpg images/548.jpg 0.00206524 0.00388654 -0.000855568 0.00337063 0.00269073 -0.00385803 
548 images/548.jpg images/549.jpg -0.000420587 0.00233194 0.000135797 -0.00361825 0.00768931 -0.000376672 
549 images/549.jpg images/550.jpg -0.00236039 0.00219704 0.00125116 -0.00300143 0.00522187 0.00293008 
550 images/550.jpg images/551.jpg -0.000494334 0.000768195 0.000966286 -0.00133616 -0.00378917 0.00249167 
551 images/551.jpg images/552.jpg 0.000535952 0.00669216 -0.00065556 0.00428307 -0.00511817 -0.00190798 
552 images/552.jpg images/553.jpg -0.000245877 0.00576105 0.00134856 -0.00664272 0.00115972 -0.0045335 
553 images/553.jpg images/554.jpg -0.00195295 -0.00345856 0.00264551 -0.0151531 0.00390967 -0.00403138 
554 images/554.jpg images/555.jpg -0.00183948 0.0037306 0.000150077 0.00206285 0.00274668 -0.00341661 
555 images/555.jpg images/556.jpg -0.00239915 0.00501535 -0.000380772 0.00135127 0.00283862 -0.00302658 
556 images/556.jpg images/557.jpg -0.00076802 0.00417507 2.26386e-06 -0.0019033 0.000808855 -0.00251631 
557 images/557.jpg images/558.jpg -0.00239306 0.00400373 -0.000236256 -0.00345818 0.00312711 9.04353e-05 
558 images/558.jpg images/559.jpg -0.0023294 0.00193586 7.23735e-05 -0.00465095 0.000590643 0.00309284 
559 images/559.jpg images/560.jpg -0.00111865 0.00391909 -0.000985531 -0.00215312 -0.00229943 0.00319137 
560 images/560.jpg images/561.jpg -0.00025858 0.00202123 -0.00065381 -0.00553274 -0.00250129 -0.000250596 
561 images/561.jpg images/562.jpg 0.00126051 0.000678707 -0.00015057 -0.00519963 -0.00197805 -0.00219334 
562 images/562.jpg images/563.jpg 0.000331834 0.000525942 -0.000495835 -0.000856389 0.00216483 -0.00464582 
563 images/563.jpg images/564.jpg -0.00242066 0.00250282 -0.0019542 0.00200955 0.00464377 -0.00309275 
564 images/564.jpg images/565.jpg 0.00028508 9.58699e-05 -0.00024641 -0.00189421 -0.0012899 -0.00291253 
565 images/565.jpg images/566.jpg 0.000561563 0.00126706 -0.00120149 0.00245186 0.00118697 -0.00257785 
566 images/566.jpg images/567.jpg 1.59458e-05 0.000891711 -0.000209176 0.00155695 0.00277527 0.000206452 
567 images/567.jpg images/568.jpg -0.00112787 0.00138256 -0.00141554 0.00207968 0.00197002 0.00290265 
568 images/568.jpg images/569.jpg -0.000338102 0.00108938 -0.000106607 -0.000447213 -0.00191139 0.00401321 
569 images/569.jpg images/570.jpg 0.00032305 0.00116415 -0.000905013 0.00100115 -0.00258035 0.00181243 
570 images/570.jpg images/571.jpg 0.00157713 0.00116463 0.000171257 -0.00129207 -0.000614848 0.000515186 
